%%%%%%%%%%%%%%%%%%%%%%%%%%%%%%%%%%%%%%%%%%%
% Extinction angle tabel for Soft Starter %
%       Last Update 10.05.2002            %
%%%%%%%%%%%%%%%%%%%%%%%%%%%%%%%%%%%%%%%%%%%

ext_angle=[ 180  180   180  180   180   180   180   180   180   180   180   180   180;...
            195  195   195  195   195   195   194.9 194.8 194.6 193.9 192.4 189   180;...
            210  210   210  209.9 209.7 209.3 208.6 207.5 205.7 202.9 198.5 191.5 180;...
            225  225   225  225   224.2 222.8 220.9 218.1 214.3 209.1 202.1 192.8 180;...
            240  240   240  240   240   237.1 233.2 228.2 221.9 214.2 204.9 193.6 180;...
            255  255   255  255   255   255   247.9 239.5 230   219.3 207.4 194.3 180;...
            270  270   270  270   270   270   270   255   240   225   210   195   180];
            
